00100100000000010000001111101000
00100100000000100000000000000000
00100100000000110000000000000000
10001100001010110000000000000000
00101000010001000000000000010011
00010000100000000000000000001000
00100100001000010000000000000100
00100100010000100000000000000001
10001100001010100000000000000000
00000001010010110010100000101010
00010000101000000000000000000010
00000001010000000101100000100000
00000000010000000001100000100000
00001000000000000000000000000100
10101100000010110000011111010000
10101100000000110000011111010100